22
11
0 1798 1739 5051 4606 4174 5580 3045 7125 4943 4349 1921 3741 6438 3167 7977 2887 3071 1211 7411 2099 2135
1798 0 923 5653 5208 2600 6182 3647 7727 5545 2775 2523 4343 7040 1593 8579 3489 1497 751 8013 525 2737
1739 923 0 5594 5149 3299 6123 3588 7668 5486 3474 2464 4284 6981 2292 8520 3430 2196 692 7954 1224 2678
5051 5653 5594 0 1383 8029 1035 3362 2580 1092 8204 3280 2316 1893 7022 3432 4058 6926 5066 2866 5954 4160
4606 5208 5149 1383 0 7584 1912 2917 3457 1275 7759 2835 1871 2770 6577 4309 3613 6481 4621 3743 5509 3715
4174 2600 3299 8029 7584 0 8558 6023 10103 7921 1677 4899 6719 9416 2355 10955 5865 2585 3127 10389 2227 5113
5580 6182 6123 1035 1912 8558 0 3891 2849 1621 8733 3809 2845 2162 7551 3701 4587 7455 5595 3135 6483 4689
3045 3647 3588 3362 2917 6023 3891 0 5436 3254 6198 1274 2052 4749 5016 6288 2052 4920 3060 5722 3948 2154
7125 7727 7668 2580 3457 10103 2849 5436 0 3166 10278 5354 4390 2157 9096 2496 6132 9000 7140 1930 8028 6234
4943 5545 5486 1092 1275 7921 1621 3254 3166 0 8096 3172 2208 2479 6914 4018 3950 6818 4958 3452 5846 4052
4349 2775 3474 8204 7759 1677 8733 6198 10278 8096 0 5074 6894 9591 2530 11130 6040 2760 3302 10564 2402 5288
1921 2523 2464 3280 2835 4899 3809 1274 5354 3172 5074 0 1970 4667 3892 6206 1116 3796 1936 5640 2824 1030
3741 4343 4284 2316 1871 6719 2845 2052 4390 2208 6894 1970 0 3703 5712 5242 2748 5616 3756 4676 4644 2850
6438 7040 6981 1893 2770 9416 2162 4749 2157 2479 9591 4667 3703 0 8409 3009 5445 8313 6453 2443 7341 5547
3167 1593 2292 7022 6577 2355 7551 5016 9096 6914 2530 3892 5712 8409 0 9948 4858 1578 2120 9382 1220 4106
7977 8579 8520 3432 4309 10955 3701 6288 2496 4018 11130 6206 5242 3009 9948 0 6984 9852 7992 1036 8880 7086
2887 3489 3430 4058 3613 5865 4587 2052 6132 3950 6040 1116 2748 5445 4858 6984 0 4762 2902 6418 3790 1996
3071 1497 2196 6926 6481 2585 7455 4920 9000 6818 2760 3796 5616 8313 1578 9852 4762 0 2024 9286 1124 4010
1211 751 692 5066 4621 3127 5595 3060 7140 4958 3302 1936 3756 6453 2120 7992 2902 2024 0 7426 1052 2150
7411 8013 7954 2866 3743 10389 3135 5722 1930 3452 10564 5640 4676 2443 9382 1036 6418 9286 7426 0 8314 6520
2099 525 1224 5954 5509 2227 6483 3948 8028 5846 2402 2824 4644 7341 1220 8880 3790 1124 1052 8314 0 3038
2135 2737 2678 4160 3715 5113 4689 2154 6234 4052 5288 1030 2850 5547 4106 7086 1996 4010 2150 6520 3038 0
