0.00000 0.30129 0.56741 0.64009 0.29074 0.62368 0.56624 0.46073 0.29191 0.63072
0.30129 0.00000 0.46776 0.56155 0.47714 0.54748 0.47714 0.30715 0.46893 0.55100
0.56741 0.46776 0.00000 0.57796 0.62016 0.56741 0.46424 0.30246 0.60727 0.31067
0.64009 0.56155 0.57796 0.00000 0.67057 0.47948 0.30715 0.48417 0.66237 0.63892
0.29074 0.47714 0.62016 0.67057 0.00000 0.66589 0.63423 0.55686 0.45252 0.66940
0.62368 0.54748 0.56741 0.47948 0.66589 0.00000 0.30481 0.46307 0.64947 0.62720
0.56624 0.47714 0.46424 0.30715 0.63423 0.30481 0.00000 0.31184 0.64009 0.58851
0.46073 0.30715 0.30246 0.48417 0.55686 0.46307 0.31184 0.00000 0.54865 0.47128
0.29191 0.46893 0.60727 0.66237 0.45252 0.64947 0.64009 0.54865 0.00000 0.65533
0.63072 0.55100 0.31067 0.63892 0.66940 0.62720 0.58851 0.47128 0.65533 0.00000
