0 237 272 31 210 190 182 194 128 76 168 221 94 233 20 154 111 158 58 258 24 273 146 52 68 77 264 122 54 57 90 34
237 0 45 224 49 67 71 57 125 301 87 38 165 26 229 111 152 101 283 31 249 46 117 215 293 190 37 137 197 282 177 259
272 45 0 259 84 102 106 92 160 336 122 73 200 61 264 146 187 136 318 44 284 15 152 250 328 225 30 172 232 317 212 294
31 224 259 0 197 177 169 181 115 95 155 208 81 220 23 141 98 145 77 245 43 260 133 39 87 64 251 109 41 76 77 53
210 49 84 197 0 40 44 30 98 274 60 33 138 45 202 84 125 74 256 70 222 85 90 188 266 163 76 110 170 255 150 232
190 67 102 177 40 0 24 24 78 254 40 51 118 63 182 64 105 54 236 88 202 103 70 168 246 143 94 90 150 235 130 212
182 71 106 169 44 24 0 28 70 246 32 55 110 67 174 56 97 46 228 92 194 107 62 160 238 135 98 82 142 227 122 204
194 57 92 181 30 24 28 0 82 258 44 41 122 53 186 68 109 58 240 78 206 93 74 172 250 147 84 94 154 239 134 216
128 125 160 115 98 78 70 82 0 192 56 109 56 121 120 42 43 46 174 146 140 161 34 106 184 81 152 28 88 173 68 150
76 301 336 95 274 254 246 258 192 0 232 285 158 297 84 218 175 222 32 322 70 337 210 116 20 141 328 186 118 49 154 52
168 87 122 155 60 40 32 44 56 232 0 71 96 83 160 42 83 32 214 108 180 123 48 146 224 121 114 68 128 213 108 190
221 38 73 208 33 51 55 41 109 285 71 0 149 34 213 95 136 85 267 59 233 74 101 199 277 174 65 121 181 266 161 243
94 165 200 81 138 118 110 122 56 158 96 149 0 161 86 82 39 86 140 186 106 201 74 72 150 47 192 50 54 139 34 116
233 26 61 220 45 63 67 53 121 297 83 34 161 0 225 107 148 97 279 47 245 62 113 211 289 186 53 133 193 278 173 255
20 229 264 23 202 182 174 186 120 84 160 213 86 225 0 146 103 150 66 250 32 265 138 44 76 69 256 114 46 65 82 42
154 111 146 141 84 64 56 68 42 218 42 95 82 107 146 0 69 32 200 132 166 147 34 132 210 107 138 54 114 199 94 176
111 152 187 98 125 105 97 109 43 175 83 136 39 148 103 69 0 73 157 173 123 188 61 89 167 64 179 37 71 156 51 133
158 101 136 145 74 54 46 58 46 222 32 85 86 97 150 32 73 0 204 122 170 137 38 136 214 111 128 58 118 203 98 180
58 283 318 77 256 236 228 240 174 32 214 267 140 279 66 200 157 204 0 304 52 319 192 98 24 123 310 168 100 31 136 34
258 31 44 245 70 88 92 78 146 322 108 59 186 47 250 132 173 122 304 0 270 45 138 236 314 211 36 158 218 303 198 280
24 249 284 43 222 202 194 206 140 70 180 233 106 245 32 166 123 170 52 270 0 285 158 64 62 89 276 134 66 51 102 28
273 46 15 260 85 103 107 93 161 337 123 74 201 62 265 147 188 137 319 45 285 0 153 251 329 226 31 173 233 318 213 295
146 117 152 133 90 70 62 74 34 210 48 101 74 113 138 34 61 38 192 138 158 153 0 124 202 99 144 46 106 191 86 168
52 215 250 39 188 168 160 172 106 116 146 199 72 211 44 132 89 136 98 236 64 251 124 0 108 55 242 100 32 97 68 74
68 293 328 87 266 246 238 250 184 20 224 277 150 289 76 210 167 214 24 314 62 329 202 108 0 133 320 178 110 41 146 44
77 190 225 64 163 143 135 147 81 141 121 174 47 186 69 107 64 111 123 211 89 226 99 55 133 0 217 75 37 122 43 99
264 37 30 251 76 94 98 84 152 328 114 65 192 53 256 138 179 128 310 36 276 31 144 242 320 217 0 164 224 309 204 286
122 137 172 109 110 90 82 94 28 186 68 121 50 133 114 54 37 58 168 158 134 173 46 100 178 75 164 0 82 167 62 144
54 197 232 41 170 150 142 154 88 118 128 181 54 193 46 114 71 118 100 218 66 233 106 32 110 37 224 82 0 99 50 76
57 282 317 76 255 235 227 239 173 49 213 266 139 278 65 199 156 203 31 303 51 318 191 97 41 122 309 167 99 0 135 33
90 177 212 77 150 130 122 134 68 154 108 161 34 173 82 94 51 98 136 198 102 213 86 68 146 43 204 62 50 135 0 112
34 259 294 53 232 212 204 216 150 52 190 243 116 255 42 176 133 180 34 280 28 295 168 74 44 99 286 144 76 33 112 0
